================================================================================
MLP Baseline Search_hp_s5_lr0.05_md5_cd4
Date: 2024-12-05 23:06:35
================================================================================

Metrics for Metrics:
  accuracy:
    mae: 0.10028438836212056
    rmse: 0.12322051935366879
    mdae: 0.08954651993067589
    marpd: 102.60205069633508
    r2: 0.7880927355785871
    corr: 0.8981160424556708

Metrics for Metrics:
  accuracy:
    mae: 0.10193556675416926
    rmse: 0.11859425674093238
    mdae: 0.09427798348663716
    marpd: 103.56694780165854
    r2: 0.803705970426398
    corr: 0.9072598504010364

Metrics for Metrics:
  accuracy:
    mae: 0.030817384154565895
    rmse: 0.047292531531704415
    mdae: 0.021247383460725053
    marpd: 93.5713963323751
    r2: 0.9687848878686295
    corr: 0.986437193867284

Metrics for Metrics:
  accuracy:
    mae: 0.007346780484691299
    rmse: 0.011568816457442201
    mdae: 0.004666504649750852
    marpd: 67.36201554316807
    r2: 0.9981320827316744
    corr: 0.9990776492160338

