================================================================================
MLP Baseline Search_hp_s5_lr0.05_md5_cd4
Date: 2024-12-05 23:07:30
================================================================================

Metrics for Metrics:
  accuracy:
    mae: 0.1630441881503478
    rmse: 0.1894831249784824
    mdae: 0.15403877339446828
    marpd: 115.60404482453812
    r2: 0.49890409657522017
    corr: 0.8785458427101418

Metrics for Metrics:
  accuracy:
    mae: 0.07719851069181465
    rmse: 0.09571651908103712
    mdae: 0.0648367783862802
    marpd: 92.69112584998484
    r2: 0.8721344450930679
    corr: 0.9390524749184032

Metrics for Metrics:
  accuracy:
    mae: 0.025913452334892482
    rmse: 0.03076444547636027
    mdae: 0.02473551675630501
    marpd: 71.14962639078146
    r2: 0.9867907561362479
    corr: 0.9951105132985637

Metrics for Metrics:
  accuracy:
    mae: 0.013466721673081057
    rmse: 0.01999032330118088
    mdae: 0.009809671588737032
    marpd: 54.31278895203615
    r2: 0.9944227590026377
    corr: 0.9991478417093818

