=== Final Model Summary ===

final_loss: 20.014389242384436
final_phase1: 4.760365009307861
final_phase3: 0.0
final_memristor_weight: 0.009999999776482582
memory_depth: 5
training_steps: 70
learning_rate: 0.01
cutoff_dim: 4
